/*--------------------------------*- C++ -*----------------------------------*\
| =========                 |                                                 |
| \\      /  F ield         | OpenFOAM: The Open Source CFD Toolbox           |
|  \\    /   O peration     | Version:  v1806                                 |
|   \\  /    A nd           | Web:      www.OpenFOAM.com                      |
|    \\/     M anipulation  |                                                 |
\*---------------------------------------------------------------------------*/
FoamFile
{
    version     2.0;
    format      ascii;
    class       labelList;
    note        "nPoints:5637  nCells:4728  nFaces:15034  nInternalFaces:13334";
    location    "constant/polyMesh";
    object      neighbour;
}
// * * * * * * * * * * * * * * * * * * * * * * * * * * * * * * * * * * * * * //


13334
(
1
2
3
4
5
6
4
7
8
5
7
9
10
11
12
10
13
14
12
14
15
10
16
17
11
17
18
19
13
16
20
21
22
23
22
24
25
23
25
26
21
27
28
23
28
29
26
29
30
21
31
32
22
32
33
34
24
33
35
36
34
36
37
27
31
38
39
40
41
40
42
43
41
43
44
42
45
46
43
46
47
44
47
48
39
49
50
41
50
51
44
51
52
48
52
39
53
54
40
54
55
56
42
55
57
58
56
58
59
45
57
60
61
58
61
62
59
62
63
49
53
64
65
66
67
66
68
69
67
69
70
68
71
72
69
72
73
70
73
74
71
75
76
72
76
77
73
77
78
74
78
65
79
80
67
80
81
70
81
82
74
82
65
83
84
66
84
85
86
68
85
87
88
86
88
89
71
87
90
91
88
91
92
89
92
93
75
90
94
95
91
95
96
92
96
97
93
97
98
79
83
99
100
101
102
101
103
104
102
104
105
103
106
107
104
107
108
105
108
109
106
110
111
107
111
112
108
112
113
109
113
110
114
115
111
115
116
112
116
117
113
117
100
118
119
102
119
120
105
120
121
109
121
100
122
123
101
123
124
125
103
124
126
127
125
127
128
106
126
129
130
127
130
131
128
131
132
110
129
133
134
130
134
135
131
135
136
132
136
137
114
133
138
139
134
139
140
135
140
141
136
141
142
137
142
143
118
122
144
145
146
147
146
148
149
147
149
150
148
151
152
149
152
153
150
153
154
151
155
156
152
156
157
153
157
158
154
158
155
159
160
156
160
161
157
161
162
158
162
159
163
164
160
164
165
161
165
166
162
166
145
167
168
147
168
169
150
169
170
154
170
145
171
172
146
172
173
174
148
173
175
176
174
176
177
151
175
178
179
176
179
180
177
180
181
155
178
182
183
179
183
184
180
184
185
181
185
186
159
182
187
188
183
188
189
184
189
190
185
190
191
186
191
192
163
187
193
194
188
194
195
189
195
196
190
196
197
191
197
198
192
198
199
167
171
200
201
202
203
202
204
205
203
205
206
204
207
208
205
208
209
206
209
210
207
211
212
208
212
213
209
213
214
210
214
211
215
216
212
216
217
213
217
218
214
218
215
219
220
216
220
221
217
221
222
218
222
219
223
224
220
224
225
221
225
226
222
226
201
227
228
203
228
229
206
229
230
210
230
201
231
232
202
232
233
234
204
233
235
236
234
236
237
207
235
238
239
236
239
240
237
240
241
211
238
242
243
239
243
244
240
244
245
241
245
246
215
242
247
248
243
248
249
244
249
250
245
250
251
246
251
252
219
247
253
254
248
254
255
249
255
256
250
256
257
251
257
258
252
258
259
223
253
260
261
254
261
262
255
262
263
256
263
264
257
264
265
258
265
266
259
266
267
227
231
268
269
270
271
270
272
273
271
273
274
272
275
276
273
276
277
274
277
278
275
279
280
276
280
281
277
281
282
278
282
279
283
284
280
284
285
281
285
286
282
286
283
287
288
284
288
289
285
289
290
286
290
287
291
292
288
292
293
289
293
294
290
294
291
295
296
292
296
297
293
297
298
294
298
269
299
300
271
300
301
274
301
302
278
302
269
303
304
270
304
305
306
272
305
307
308
306
308
309
275
307
310
311
308
311
312
309
312
313
279
310
314
315
311
315
316
312
316
317
313
317
318
283
314
319
320
315
320
321
316
321
322
317
322
323
318
323
324
287
319
325
326
320
326
327
321
327
328
322
328
329
323
329
330
324
330
331
291
325
332
333
326
333
334
327
334
335
328
335
336
329
336
337
330
337
338
331
338
339
295
332
340
341
333
341
342
334
342
343
335
343
344
336
344
345
337
345
346
338
346
347
339
347
348
299
303
349
350
351
352
351
353
354
352
354
355
353
356
357
354
357
358
355
358
359
356
360
361
357
361
362
358
362
363
359
363
360
364
365
361
365
366
362
366
367
363
367
364
368
369
365
369
370
366
370
371
367
371
368
372
373
369
373
374
370
374
375
371
375
372
376
377
373
377
378
374
378
379
375
379
376
380
381
377
381
382
378
382
383
379
383
350
384
385
352
385
386
355
386
387
359
387
350
388
389
351
389
390
391
353
390
392
393
391
393
394
356
392
395
396
393
396
397
394
397
398
360
395
399
400
396
400
401
397
401
402
398
402
403
364
399
404
405
400
405
406
401
406
407
402
407
408
403
408
409
368
404
410
411
405
411
412
406
412
413
407
413
414
408
414
415
409
415
416
372
410
417
418
411
418
419
412
419
420
413
420
421
414
421
422
415
422
423
416
423
424
376
417
425
426
418
426
427
419
427
428
420
428
429
421
429
430
422
430
431
423
431
432
424
432
433
380
425
434
435
426
435
436
427
436
437
428
437
438
429
438
439
430
439
440
431
440
441
432
441
442
433
442
443
384
388
444
445
446
447
446
448
449
447
449
450
448
451
452
449
452
453
450
453
454
451
455
456
452
456
457
453
457
458
454
458
455
459
460
456
460
461
457
461
462
458
462
459
463
464
460
464
465
461
465
466
462
466
463
467
468
464
468
469
465
469
470
466
470
467
471
472
468
472
473
469
473
474
470
474
471
475
476
472
476
477
473
477
478
474
478
475
479
480
476
480
481
477
481
482
478
482
445
483
484
447
484
485
450
485
486
454
486
445
487
488
446
488
489
490
448
489
491
492
490
492
493
451
491
494
495
492
495
496
493
496
497
455
494
498
499
495
499
500
496
500
501
497
501
502
459
498
503
504
499
504
505
500
505
506
501
506
507
502
507
508
463
503
509
510
504
510
511
505
511
512
506
512
513
507
513
514
508
514
515
467
509
516
517
510
517
518
511
518
519
512
519
520
513
520
521
514
521
522
515
522
523
471
516
524
525
517
525
526
518
526
527
519
527
528
520
528
529
521
529
530
522
530
531
523
531
532
475
524
533
534
525
534
535
526
535
536
527
536
537
528
537
538
529
538
539
530
539
540
531
540
541
532
541
542
479
533
543
544
534
544
545
535
545
546
536
546
547
537
547
548
538
548
549
539
549
550
540
550
551
541
551
552
542
552
553
483
487
554
555
556
555
557
558
556
558
559
557
560
561
558
561
562
559
562
563
560
564
565
561
565
566
562
566
567
563
567
564
568
569
565
569
570
566
570
571
567
571
568
572
573
569
573
574
570
574
575
571
575
572
576
577
573
577
578
574
578
579
575
579
576
580
581
577
581
582
578
582
583
579
583
580
584
585
581
585
586
582
586
587
583
587
584
588
589
585
589
590
586
590
591
587
591
588
592
593
589
593
594
590
594
595
591
595
554
596
556
596
597
559
597
598
563
598
554
599
555
599
600
601
557
600
602
603
601
603
604
560
602
605
606
603
606
607
604
607
608
564
605
609
610
606
610
611
607
611
612
608
612
613
568
609
614
615
610
615
616
611
616
617
612
617
618
508
613
618
572
614
619
620
615
620
621
616
621
622
617
622
623
618
623
624
624
625
576
619
626
627
620
627
628
621
628
629
622
629
630
623
630
631
624
631
632
625
632
633
580
626
634
635
627
635
636
628
636
637
629
637
638
630
638
639
631
639
640
632
640
641
633
641
642
584
634
643
644
635
644
645
636
645
646
637
646
647
638
647
648
639
648
649
640
649
650
641
650
651
642
651
652
588
643
653
654
644
654
655
645
655
656
646
656
657
647
657
658
648
658
659
649
659
660
650
660
661
651
661
662
652
662
663
592
653
664
665
654
665
666
655
666
667
656
667
668
657
668
669
658
669
670
659
670
671
660
671
672
661
672
673
662
673
674
663
674
675
676
675
677
678
676
678
679
677
680
681
678
681
682
679
682
683
680
684
685
681
685
686
682
686
687
683
687
684
688
689
685
689
690
686
690
691
687
691
688
692
693
689
693
694
690
694
695
691
695
692
696
697
693
697
698
694
698
699
695
699
696
700
701
697
701
702
698
702
703
699
703
700
704
705
701
705
706
702
706
707
703
707
704
708
709
705
709
710
706
710
711
707
711
708
712
713
709
713
714
710
714
715
711
715
712
716
717
713
717
718
714
718
719
715
719
676
720
679
720
721
683
721
675
722
723
677
722
724
725
723
725
726
680
724
727
728
725
728
729
726
729
730
684
727
731
732
728
732
733
729
733
734
730
734
735
688
731
736
737
732
737
738
733
738
739
734
739
740
625
735
740
692
736
741
742
737
742
743
738
743
744
739
744
745
624
740
745
696
741
746
747
742
747
748
743
748
749
744
749
750
745
750
751
751
752
752
753
700
746
754
755
747
755
756
748
756
757
749
757
758
750
758
759
751
759
760
752
760
761
753
761
762
704
754
763
764
755
764
765
756
765
766
757
766
767
758
767
768
759
768
769
760
769
770
761
770
771
762
771
772
708
763
773
774
764
774
775
765
775
776
766
776
777
767
777
778
768
778
779
769
779
780
770
780
781
771
781
782
772
782
783
712
773
784
785
774
785
786
775
786
787
776
787
788
777
788
789
778
789
790
779
790
791
780
791
792
781
792
793
782
793
794
783
794
716
784
795
796
785
796
797
786
797
798
787
798
799
788
799
800
789
800
801
790
801
802
791
802
803
792
803
804
793
804
805
794
805
806
807
807
808
806
809
810
807
810
811
808
811
812
809
813
814
810
814
815
811
815
816
812
816
813
817
818
814
818
819
815
819
820
816
820
817
821
822
818
822
823
819
823
824
820
824
821
825
826
822
826
827
823
827
828
824
828
825
829
830
826
830
831
827
831
832
828
832
829
833
834
830
834
835
831
835
836
832
836
833
837
838
834
838
839
835
839
840
836
840
837
841
842
838
842
843
839
843
844
840
844
841
845
846
842
846
847
843
847
848
844
848
845
849
850
846
850
851
847
851
852
848
852
808
853
812
853
806
854
855
855
856
809
854
857
858
855
858
859
856
859
860
813
857
861
862
858
862
863
859
863
864
860
864
865
817
861
866
867
862
867
868
863
868
869
864
869
870
753
865
870
821
866
871
872
867
872
873
868
873
874
869
874
875
752
870
875
825
871
876
877
872
877
878
873
878
879
874
879
880
751
875
880
829
876
881
882
877
882
883
878
883
884
879
884
885
880
885
886
886
887
887
888
888
889
833
881
890
891
882
891
892
883
892
893
884
893
894
885
894
895
886
895
896
887
896
897
888
897
898
889
898
899
837
890
900
901
891
901
902
892
902
903
893
903
904
894
904
905
895
905
906
896
906
907
897
907
908
898
908
909
899
909
910
841
900
911
912
901
912
913
902
913
914
903
914
915
904
915
916
905
916
917
906
917
918
907
918
919
908
919
920
909
920
921
910
921
845
911
922
923
912
923
924
913
924
925
914
925
926
915
926
927
916
927
928
917
928
929
918
929
930
919
930
931
920
931
932
921
932
849
922
933
934
923
934
935
924
935
936
925
936
937
926
937
938
927
938
939
928
939
940
929
940
941
930
941
942
931
942
943
932
943
944
945
945
946
946
947
944
948
949
945
949
950
946
950
951
947
951
948
952
953
949
953
954
950
954
955
951
955
952
956
957
953
957
958
954
958
959
955
959
956
960
961
957
961
962
958
962
963
959
963
960
964
965
961
965
966
962
966
967
963
967
964
968
969
965
969
970
966
970
971
967
971
968
972
973
969
973
974
970
974
975
971
975
972
976
977
973
977
978
974
978
979
975
979
976
980
981
977
981
982
978
982
983
979
983
980
984
985
981
985
986
982
986
987
983
987
984
988
989
985
989
990
986
990
991
987
991
947
944
992
993
993
994
994
995
948
992
996
997
993
997
998
994
998
999
995
999
1000
952
996
1001
1002
997
1002
1003
998
1003
1004
999
1004
1005
889
1000
1005
956
1001
1006
1007
1002
1007
1008
1003
1008
1009
1004
1009
1010
888
1005
1010
960
1006
1011
1012
1007
1012
1013
1008
1013
1014
1009
1014
1015
887
1010
1015
964
1011
1016
1017
1012
1017
1018
1013
1018
1019
1014
1019
1020
886
1015
1020
968
1016
1021
1022
1017
1022
1023
1018
1023
1024
1019
1024
1025
1020
1025
1026
1026
1027
1027
1028
1028
1029
1029
1030
972
1021
1031
1032
1022
1032
1033
1023
1033
1034
1024
1034
1035
1025
1035
1036
1026
1036
1037
1027
1037
1038
1028
1038
1039
1029
1039
1040
1030
1040
1041
976
1031
1042
1043
1032
1043
1044
1033
1044
1045
1034
1045
1046
1035
1046
1047
1036
1047
1048
1037
1048
1049
1038
1049
1050
1039
1050
1051
1040
1051
1052
1041
1052
980
1042
1053
1054
1043
1054
1055
1044
1055
1056
1045
1056
1057
1046
1057
1058
1047
1058
1059
1048
1059
1060
1049
1060
1061
1050
1061
1062
1051
1062
1063
1052
1063
984
1053
1064
1065
1054
1065
1066
1055
1066
1067
1056
1067
1068
1057
1068
1069
1058
1069
1070
1059
1070
1071
1060
1071
1072
1061
1072
1073
1062
1073
1074
1063
1074
988
1064
1075
1076
1065
1076
1077
1066
1077
1078
1067
1078
1079
1068
1079
1080
1069
1080
1081
1070
1081
1082
1071
1082
1083
1072
1083
1084
1073
1084
1085
1074
1085
1086
1087
1087
1088
1088
1089
1089
1086
1090
1091
1087
1091
1092
1088
1092
1093
1089
1093
1090
1094
1095
1091
1095
1096
1092
1096
1097
1093
1097
1094
1098
1099
1095
1099
1100
1096
1100
1101
1097
1101
1098
1102
1103
1099
1103
1104
1100
1104
1105
1101
1105
1102
1106
1107
1103
1107
1108
1104
1108
1109
1105
1109
1106
1110
1111
1107
1111
1112
1108
1112
1113
1109
1113
1110
1114
1115
1111
1115
1116
1112
1116
1117
1113
1117
1114
1118
1119
1115
1119
1120
1116
1120
1121
1117
1121
1118
1122
1123
1119
1123
1124
1120
1124
1125
1121
1125
1122
1126
1127
1123
1127
1128
1124
1128
1129
1125
1129
1126
1130
1131
1127
1131
1132
1128
1132
1133
1129
1133
1086
1134
1135
1135
1136
1136
1137
1137
1138
1090
1134
1139
1140
1135
1140
1141
1136
1141
1142
1137
1142
1143
1030
1138
1143
1094
1139
1144
1145
1140
1145
1146
1141
1146
1147
1142
1147
1148
1029
1143
1148
1098
1144
1149
1150
1145
1150
1151
1146
1151
1152
1147
1152
1153
1028
1148
1153
1102
1149
1154
1155
1150
1155
1156
1151
1156
1157
1152
1157
1158
1027
1153
1158
1106
1154
1159
1160
1155
1160
1161
1156
1161
1162
1157
1162
1163
1026
1158
1163
1110
1159
1164
1165
1160
1165
1166
1161
1166
1167
1162
1167
1168
1163
1168
1169
1169
1170
1170
1171
1171
1172
1172
1173
1173
1174
1114
1164
1175
1176
1165
1176
1177
1166
1177
1178
1167
1178
1179
1168
1179
1180
1169
1180
1181
1170
1181
1182
1171
1182
1183
1172
1183
1184
1173
1184
1185
1174
1185
1118
1175
1186
1187
1176
1187
1188
1177
1188
1189
1178
1189
1190
1179
1190
1191
1180
1191
1192
1181
1192
1193
1182
1193
1194
1183
1194
1195
1184
1195
1196
1185
1196
1122
1186
1197
1198
1187
1198
1199
1188
1199
1200
1189
1200
1201
1190
1201
1202
1191
1202
1203
1192
1203
1204
1193
1204
1205
1194
1205
1206
1195
1206
1207
1196
1207
1126
1197
1208
1209
1198
1209
1210
1199
1210
1211
1200
1211
1212
1201
1212
1213
1202
1213
1214
1203
1214
1215
1204
1215
1216
1205
1216
1217
1206
1217
1218
1207
1218
1130
1208
1219
1220
1209
1220
1221
1210
1221
1222
1211
1222
1223
1212
1223
1224
1213
1224
1225
1214
1225
1226
1215
1226
1227
1216
1227
1228
1217
1228
1229
1218
1229
1230
1231
1231
1232
1232
1233
1233
1230
1234
1235
1231
1235
1236
1232
1236
1237
1233
1237
1234
1238
1239
1235
1239
1240
1236
1240
1241
1237
1241
1238
1242
1243
1239
1243
1244
1240
1244
1245
1241
1245
1242
1246
1247
1243
1247
1248
1244
1248
1249
1245
1249
1246
1250
1251
1247
1251
1252
1248
1252
1253
1249
1253
1250
1254
1255
1251
1255
1256
1252
1256
1257
1253
1257
1254
1258
1259
1255
1259
1260
1256
1260
1261
1257
1261
1258
1262
1263
1259
1263
1264
1260
1264
1265
1261
1265
1262
1266
1267
1263
1267
1268
1264
1268
1269
1265
1269
1266
1270
1271
1267
1271
1272
1268
1272
1273
1269
1273
1270
1274
1275
1271
1275
1276
1272
1276
1277
1273
1277
1230
1278
1279
1279
1280
1280
1281
1281
1282
1174
1282
1234
1278
1283
1284
1279
1284
1285
1280
1285
1286
1281
1286
1287
1173
1282
1287
1238
1283
1288
1289
1284
1289
1290
1285
1290
1291
1286
1291
1292
1172
1287
1292
1242
1288
1293
1294
1289
1294
1295
1290
1295
1296
1291
1296
1297
1171
1292
1297
1246
1293
1298
1299
1294
1299
1300
1295
1300
1301
1296
1301
1302
1170
1297
1302
1250
1298
1303
1304
1299
1304
1305
1300
1305
1306
1301
1306
1307
1169
1302
1307
1254
1303
1308
1309
1304
1309
1310
1305
1310
1311
1306
1311
1312
1307
1312
1313
1313
1314
1314
1315
1315
1316
1316
1317
1317
1318
1318
1258
1308
1319
1320
1309
1320
1321
1310
1321
1322
1311
1322
1323
1312
1323
1324
1313
1324
1325
1314
1325
1326
1315
1326
1327
1316
1327
1328
1317
1328
1329
1318
1329
1262
1319
1330
1331
1320
1331
1332
1321
1332
1333
1322
1333
1334
1323
1334
1335
1324
1335
1336
1325
1336
1337
1326
1337
1338
1327
1338
1339
1328
1339
1340
1329
1340
1266
1330
1341
1342
1331
1342
1343
1332
1343
1344
1333
1344
1345
1334
1345
1346
1335
1346
1347
1336
1347
1348
1337
1348
1349
1338
1349
1350
1339
1350
1351
1340
1351
1270
1341
1352
1353
1342
1353
1354
1343
1354
1355
1344
1355
1356
1345
1356
1357
1346
1357
1358
1347
1358
1359
1348
1359
1360
1349
1360
1361
1350
1361
1362
1351
1362
1274
1352
1363
1364
1353
1364
1365
1354
1365
1366
1355
1366
1367
1356
1367
1368
1357
1368
1369
1358
1369
1370
1359
1370
1371
1360
1371
1372
1361
1372
1373
1362
1373
1374
1375
1375
1376
1376
1377
1377
1374
1378
1379
1375
1379
1380
1376
1380
1381
1377
1381
1378
1382
1383
1379
1383
1384
1380
1384
1385
1381
1385
1382
1386
1387
1383
1387
1388
1384
1388
1389
1385
1389
1386
1390
1391
1387
1391
1392
1388
1392
1393
1389
1393
1390
1394
1395
1391
1395
1396
1392
1396
1397
1393
1397
1394
1398
1399
1395
1399
1400
1396
1400
1401
1397
1401
1398
1402
1403
1399
1403
1404
1400
1404
1405
1401
1405
1402
1406
1407
1403
1407
1408
1404
1408
1409
1405
1409
1406
1410
1411
1407
1411
1412
1408
1412
1413
1409
1413
1410
1414
1415
1411
1415
1416
1412
1416
1417
1413
1417
1414
1418
1419
1415
1419
1420
1416
1420
1421
1417
1421
1374
1422
1423
1423
1424
1424
1425
1425
1426
1318
1426
1378
1422
1427
1428
1423
1428
1429
1424
1429
1430
1425
1430
1431
1317
1426
1431
1382
1427
1432
1433
1428
1433
1434
1429
1434
1435
1430
1435
1436
1316
1431
1436
1386
1432
1437
1438
1433
1438
1439
1434
1439
1440
1435
1440
1441
1315
1436
1441
1390
1437
1442
1443
1438
1443
1444
1439
1444
1445
1440
1445
1446
1314
1441
1446
1394
1442
1447
1448
1443
1448
1449
1444
1449
1450
1445
1450
1451
1313
1446
1451
1398
1447
1452
1453
1448
1453
1454
1449
1454
1455
1450
1455
1456
1451
1456
1457
1457
1458
1458
1459
1459
1460
1460
1461
1461
1462
1462
1402
1452
1463
1464
1453
1464
1465
1454
1465
1466
1455
1466
1467
1456
1467
1468
1457
1468
1469
1458
1469
1470
1459
1470
1471
1460
1471
1472
1461
1472
1473
1462
1473
1406
1463
1474
1475
1464
1475
1476
1465
1476
1477
1466
1477
1478
1467
1478
1479
1468
1479
1480
1469
1480
1481
1470
1481
1482
1471
1482
1483
1472
1483
1484
1473
1484
1410
1474
1485
1486
1475
1486
1487
1476
1487
1488
1477
1488
1489
1478
1489
1490
1479
1490
1491
1480
1491
1492
1481
1492
1493
1482
1493
1494
1483
1494
1495
1484
1495
1414
1485
1496
1497
1486
1497
1498
1487
1498
1499
1488
1499
1500
1489
1500
1501
1490
1501
1502
1491
1502
1503
1492
1503
1504
1493
1504
1505
1494
1505
1506
1495
1506
1418
1496
1507
1508
1497
1508
1509
1498
1509
1510
1499
1510
1511
1500
1511
1512
1501
1512
1513
1502
1513
1514
1503
1514
1515
1504
1515
1516
1505
1516
1517
1506
1517
1518
1519
1519
1520
1520
1521
1521
1518
1522
1523
1519
1523
1524
1520
1524
1525
1521
1525
1522
1526
1527
1523
1527
1528
1524
1528
1529
1525
1529
1526
1530
1531
1527
1531
1532
1528
1532
1533
1529
1533
1530
1534
1535
1531
1535
1536
1532
1536
1537
1533
1537
1534
1538
1539
1535
1539
1540
1536
1540
1541
1537
1541
1538
1542
1543
1539
1543
1544
1540
1544
1545
1541
1545
1542
1546
1547
1543
1547
1548
1544
1548
1549
1545
1549
1546
1550
1551
1547
1551
1552
1548
1552
1553
1549
1553
1550
1554
1555
1551
1555
1556
1552
1556
1557
1553
1557
1554
1558
1559
1555
1559
1560
1556
1560
1561
1557
1561
1558
1562
1563
1559
1563
1564
1560
1564
1565
1561
1565
1518
1566
1567
1567
1568
1568
1569
1569
1570
1462
1570
1522
1566
1571
1572
1567
1572
1573
1568
1573
1574
1569
1574
1575
1461
1570
1575
1526
1571
1576
1577
1572
1577
1578
1573
1578
1579
1574
1579
1580
1460
1575
1580
1530
1576
1581
1582
1577
1582
1583
1578
1583
1584
1579
1584
1585
1459
1580
1585
1534
1581
1586
1587
1582
1587
1588
1583
1588
1589
1584
1589
1590
1458
1585
1590
1538
1586
1591
1592
1587
1592
1593
1588
1593
1594
1589
1594
1595
1457
1590
1595
1542
1591
1596
1597
1592
1597
1598
1593
1598
1599
1594
1599
1600
1595
1600
1601
1601
1602
1602
1603
1603
1604
1604
1605
1605
1606
1606
1546
1596
1607
1608
1597
1608
1609
1598
1609
1610
1599
1610
1611
1600
1611
1612
1601
1612
1613
1602
1613
1614
1603
1614
1615
1604
1615
1616
1605
1616
1617
1606
1617
1550
1607
1618
1619
1608
1619
1620
1609
1620
1621
1610
1621
1622
1611
1622
1623
1612
1623
1624
1613
1624
1625
1614
1625
1626
1615
1626
1627
1616
1627
1628
1617
1628
1554
1618
1629
1630
1619
1630
1631
1620
1631
1632
1621
1632
1633
1622
1633
1634
1623
1634
1635
1624
1635
1636
1625
1636
1637
1626
1637
1638
1627
1638
1639
1628
1639
1558
1629
1640
1641
1630
1641
1642
1631
1642
1643
1632
1643
1644
1633
1644
1645
1634
1645
1646
1635
1646
1647
1636
1647
1648
1637
1648
1649
1638
1649
1650
1639
1650
1562
1640
1651
1652
1641
1652
1653
1642
1653
1654
1643
1654
1655
1644
1655
1656
1645
1656
1657
1646
1657
1658
1647
1658
1659
1648
1659
1660
1649
1660
1661
1650
1661
1662
1663
1663
1664
1664
1665
1665
1662
1666
1667
1663
1667
1668
1664
1668
1669
1665
1669
1666
1670
1671
1667
1671
1672
1668
1672
1673
1669
1673
1670
1674
1675
1671
1675
1676
1672
1676
1677
1673
1677
1674
1678
1679
1675
1679
1680
1676
1680
1681
1677
1681
1678
1682
1683
1679
1683
1684
1680
1684
1685
1681
1685
1682
1686
1687
1683
1687
1688
1684
1688
1689
1685
1689
1686
1690
1691
1687
1691
1692
1688
1692
1693
1689
1693
1690
1694
1695
1691
1695
1696
1692
1696
1697
1693
1697
1694
1698
1699
1695
1699
1700
1696
1700
1701
1697
1701
1698
1702
1703
1699
1703
1704
1700
1704
1705
1701
1705
1702
1706
1707
1703
1707
1708
1704
1708
1709
1705
1709
1662
1710
1711
1711
1712
1712
1713
1713
1714
1606
1714
1666
1710
1715
1716
1711
1716
1717
1712
1717
1718
1713
1718
1719
1605
1714
1719
1670
1715
1720
1721
1716
1721
1722
1717
1722
1723
1718
1723
1724
1604
1719
1724
1674
1720
1725
1726
1721
1726
1727
1722
1727
1728
1723
1728
1729
1603
1724
1729
1678
1725
1730
1731
1726
1731
1732
1727
1732
1733
1728
1733
1734
1602
1729
1734
1682
1730
1735
1736
1731
1736
1737
1732
1737
1738
1733
1738
1739
1601
1734
1739
1686
1735
1740
1741
1736
1741
1742
1737
1742
1743
1738
1743
1744
1739
1744
1745
1745
1746
1746
1747
1747
1748
1748
1749
1749
1750
1750
1690
1740
1751
1752
1741
1752
1753
1742
1753
1754
1743
1754
1755
1744
1755
1756
1745
1756
1757
1746
1757
1758
1747
1758
1759
1748
1759
1760
1749
1760
1761
1750
1761
1694
1751
1762
1763
1752
1763
1764
1753
1764
1765
1754
1765
1766
1755
1766
1767
1756
1767
1768
1757
1768
1769
1758
1769
1770
1759
1770
1771
1760
1771
1772
1761
1772
1698
1762
1773
1774
1763
1774
1775
1764
1775
1776
1765
1776
1777
1766
1777
1778
1767
1778
1779
1768
1779
1780
1769
1780
1781
1770
1781
1782
1771
1782
1783
1772
1783
1702
1773
1784
1785
1774
1785
1786
1775
1786
1787
1776
1787
1788
1777
1788
1789
1778
1789
1790
1779
1790
1791
1780
1791
1792
1781
1792
1793
1782
1793
1794
1783
1794
1706
1784
1795
1796
1785
1796
1797
1786
1797
1798
1787
1798
1799
1788
1799
1800
1789
1800
1801
1790
1801
1802
1791
1802
1803
1792
1803
1804
1793
1804
1805
1794
1805
1806
1807
1807
1808
1808
1809
1809
1806
1810
1811
1807
1811
1812
1808
1812
1813
1809
1813
1810
1814
1815
1811
1815
1816
1812
1816
1817
1813
1817
1814
1818
1819
1815
1819
1820
1816
1820
1821
1817
1821
1818
1822
1823
1819
1823
1824
1820
1824
1825
1821
1825
1822
1826
1827
1823
1827
1828
1824
1828
1829
1825
1829
1826
1830
1831
1827
1831
1832
1828
1832
1833
1829
1833
1830
1834
1835
1831
1835
1836
1832
1836
1837
1833
1837
1834
1838
1839
1835
1839
1840
1836
1840
1841
1837
1841
1838
1842
1843
1839
1843
1844
1840
1844
1845
1841
1845
1842
1846
1847
1843
1847
1848
1844
1848
1849
1845
1849
1846
1850
1851
1847
1851
1852
1848
1852
1853
1849
1853
1806
1854
1855
1855
1856
1856
1857
1857
1858
1750
1858
1810
1854
1859
1860
1855
1860
1861
1856
1861
1862
1857
1862
1863
1749
1858
1863
1814
1859
1864
1865
1860
1865
1866
1861
1866
1867
1862
1867
1868
1748
1863
1868
1818
1864
1869
1870
1865
1870
1871
1866
1871
1872
1867
1872
1873
1747
1868
1873
1822
1869
1874
1875
1870
1875
1876
1871
1876
1877
1872
1877
1878
1746
1873
1878
1826
1874
1879
1880
1875
1880
1881
1876
1881
1882
1877
1882
1883
1745
1878
1883
1830
1879
1884
1885
1880
1885
1886
1881
1886
1887
1882
1887
1888
1883
1888
1889
1889
1890
1890
1891
1891
1892
1892
1893
1893
1894
1894
1834
1884
1895
1896
1885
1896
1897
1886
1897
1898
1887
1898
1899
1888
1899
1900
1889
1900
1901
1890
1901
1902
1891
1902
1903
1892
1903
1904
1893
1904
1905
1894
1905
1838
1895
1906
1907
1896
1907
1908
1897
1908
1909
1898
1909
1910
1899
1910
1911
1900
1911
1912
1901
1912
1913
1902
1913
1914
1903
1914
1915
1904
1915
1916
1905
1916
1842
1906
1917
1918
1907
1918
1919
1908
1919
1920
1909
1920
1921
1910
1921
1922
1911
1922
1923
1912
1923
1924
1913
1924
1925
1914
1925
1926
1915
1926
1927
1916
1927
1846
1917
1928
1929
1918
1929
1930
1919
1930
1931
1920
1931
1932
1921
1932
1933
1922
1933
1934
1923
1934
1935
1924
1935
1936
1925
1936
1937
1926
1937
1938
1927
1938
1850
1928
1939
1940
1929
1940
1941
1930
1941
1942
1931
1942
1943
1932
1943
1944
1933
1944
1945
1934
1945
1946
1935
1946
1947
1936
1947
1948
1937
1948
1949
1938
1949
1950
1951
1951
1952
1952
1953
1953
1950
1954
1955
1951
1955
1956
1952
1956
1957
1953
1957
1954
1958
1959
1955
1959
1960
1956
1960
1961
1957
1961
1958
1962
1963
1959
1963
1964
1960
1964
1965
1961
1965
1962
1966
1967
1963
1967
1968
1964
1968
1969
1965
1969
1966
1970
1971
1967
1971
1972
1968
1972
1973
1969
1973
1970
1974
1975
1971
1975
1976
1972
1976
1977
1973
1977
1974
1978
1979
1975
1979
1980
1976
1980
1981
1977
1981
1978
1982
1983
1979
1983
1984
1980
1984
1985
1981
1985
1982
1986
1987
1983
1987
1988
1984
1988
1989
1985
1989
1986
1990
1991
1987
1991
1992
1988
1992
1993
1989
1993
1990
1994
1995
1991
1995
1996
1992
1996
1997
1993
1997
1950
1998
1999
1999
2000
2000
2001
2001
2002
1894
2002
1954
1998
2003
2004
1999
2004
2005
2000
2005
2006
2001
2006
2007
1893
2002
2007
1958
2003
2008
2009
2004
2009
2010
2005
2010
2011
2006
2011
2012
1892
2007
2012
1962
2008
2013
2014
2009
2014
2015
2010
2015
2016
2011
2016
2017
1891
2012
2017
1966
2013
2018
2019
2014
2019
2020
2015
2020
2021
2016
2021
2022
1890
2017
2022
1970
2018
2023
2024
2019
2024
2025
2020
2025
2026
2021
2026
2027
1889
2022
2027
1974
2023
2028
2029
2024
2029
2030
2025
2030
2031
2026
2031
2032
2027
2032
2033
2033
2034
2034
2035
2035
2036
2036
2037
2037
2038
2038
1978
2028
2039
2040
2029
2040
2041
2030
2041
2042
2031
2042
2043
2032
2043
2044
2033
2044
2045
2034
2045
2046
2035
2046
2047
2036
2047
2048
2037
2048
2049
2038
2049
1982
2039
2050
2051
2040
2051
2052
2041
2052
2053
2042
2053
2054
2043
2054
2055
2044
2055
2056
2045
2056
2057
2046
2057
2058
2047
2058
2059
2048
2059
2060
2049
2060
1986
2050
2061
2062
2051
2062
2063
2052
2063
2064
2053
2064
2065
2054
2065
2066
2055
2066
2067
2056
2067
2068
2057
2068
2069
2058
2069
2070
2059
2070
2071
2060
2071
1990
2061
2072
2073
2062
2073
2074
2063
2074
2075
2064
2075
2076
2065
2076
2077
2066
2077
2078
2067
2078
2079
2068
2079
2080
2069
2080
2081
2070
2081
2082
2071
2082
1994
2072
2083
2084
2073
2084
2085
2074
2085
2086
2075
2086
2087
2076
2087
2088
2077
2088
2089
2078
2089
2090
2079
2090
2091
2080
2091
2092
2081
2092
2093
2082
2093
2094
2095
2095
2096
2096
2097
2097
2094
2098
2099
2095
2099
2100
2096
2100
2101
2097
2101
2098
2102
2103
2099
2103
2104
2100
2104
2105
2101
2105
2102
2106
2107
2103
2107
2108
2104
2108
2109
2105
2109
2106
2110
2111
2107
2111
2112
2108
2112
2113
2109
2113
2110
2114
2115
2111
2115
2116
2112
2116
2117
2113
2117
2114
2118
2119
2115
2119
2120
2116
2120
2121
2117
2121
2118
2122
2123
2119
2123
2124
2120
2124
2125
2121
2125
2122
2126
2127
2123
2127
2128
2124
2128
2129
2125
2129
2126
2130
2131
2127
2131
2132
2128
2132
2133
2129
2133
2130
2134
2135
2131
2135
2136
2132
2136
2137
2133
2137
2134
2138
2139
2135
2139
2140
2136
2140
2141
2137
2141
2094
2142
2143
2143
2144
2144
2145
2145
2146
2038
2146
2098
2142
2147
2148
2143
2148
2149
2144
2149
2150
2145
2150
2151
2037
2146
2151
2102
2147
2152
2153
2148
2153
2154
2149
2154
2155
2150
2155
2156
2036
2151
2156
2106
2152
2157
2158
2153
2158
2159
2154
2159
2160
2155
2160
2161
2035
2156
2161
2110
2157
2162
2163
2158
2163
2164
2159
2164
2165
2160
2165
2166
2034
2161
2166
2114
2162
2167
2168
2163
2168
2169
2164
2169
2170
2165
2170
2171
2033
2166
2171
2118
2167
2172
2173
2168
2173
2174
2169
2174
2175
2170
2175
2176
2171
2176
2177
2177
2178
2178
2179
2179
2180
2180
2181
2181
2182
2182
2122
2172
2183
2184
2173
2184
2185
2174
2185
2186
2175
2186
2187
2176
2187
2188
2177
2188
2189
2178
2189
2190
2179
2190
2191
2180
2191
2192
2181
2192
2193
2182
2193
2126
2183
2194
2195
2184
2195
2196
2185
2196
2197
2186
2197
2198
2187
2198
2199
2188
2199
2200
2189
2200
2201
2190
2201
2202
2191
2202
2203
2192
2203
2204
2193
2204
2130
2194
2205
2206
2195
2206
2207
2196
2207
2208
2197
2208
2209
2198
2209
2210
2199
2210
2211
2200
2211
2212
2201
2212
2213
2202
2213
2214
2203
2214
2215
2204
2215
2134
2205
2216
2217
2206
2217
2218
2207
2218
2219
2208
2219
2220
2209
2220
2221
2210
2221
2222
2211
2222
2223
2212
2223
2224
2213
2224
2225
2214
2225
2226
2215
2226
2138
2216
2227
2228
2217
2228
2229
2218
2229
2230
2219
2230
2231
2220
2231
2232
2221
2232
2233
2222
2233
2234
2223
2234
2235
2224
2235
2236
2225
2236
2237
2226
2237
2238
2239
2239
2240
2240
2241
2241
2238
2242
2243
2239
2243
2244
2240
2244
2245
2241
2245
2242
2246
2247
2243
2247
2248
2244
2248
2249
2245
2249
2246
2250
2251
2247
2251
2252
2248
2252
2253
2249
2253
2250
2254
2255
2251
2255
2256
2252
2256
2257
2253
2257
2254
2258
2259
2255
2259
2260
2256
2260
2261
2257
2261
2258
2262
2263
2259
2263
2264
2260
2264
2265
2261
2265
2262
2266
2267
2263
2267
2268
2264
2268
2269
2265
2269
2266
2270
2271
2267
2271
2272
2268
2272
2273
2269
2273
2270
2274
2275
2271
2275
2276
2272
2276
2277
2273
2277
2274
2278
2279
2275
2279
2280
2276
2280
2281
2277
2281
2278
2282
2283
2279
2283
2284
2280
2284
2285
2281
2285
2238
2286
2287
2287
2288
2288
2289
2289
2290
2182
2290
2242
2286
2291
2292
2287
2292
2293
2288
2293
2294
2289
2294
2295
2181
2290
2295
2246
2291
2296
2297
2292
2297
2298
2293
2298
2299
2294
2299
2300
2180
2295
2300
2250
2296
2301
2302
2297
2302
2303
2298
2303
2304
2299
2304
2305
2179
2300
2305
2254
2301
2306
2307
2302
2307
2308
2303
2308
2309
2304
2309
2310
2178
2305
2310
2258
2306
2311
2312
2307
2312
2313
2308
2313
2314
2309
2314
2315
2177
2310
2315
2262
2311
2316
2317
2312
2317
2318
2313
2318
2319
2314
2319
2320
2315
2320
2321
2321
2322
2322
2323
2323
2324
2324
2325
2325
2326
2326
2266
2316
2327
2328
2317
2328
2329
2318
2329
2330
2319
2330
2331
2320
2331
2332
2321
2332
2333
2322
2333
2334
2323
2334
2335
2324
2335
2336
2325
2336
2337
2326
2337
2270
2327
2338
2339
2328
2339
2340
2329
2340
2341
2330
2341
2342
2331
2342
2343
2332
2343
2344
2333
2344
2345
2334
2345
2346
2335
2346
2347
2336
2347
2348
2337
2348
2274
2338
2349
2350
2339
2350
2351
2340
2351
2352
2341
2352
2353
2342
2353
2354
2343
2354
2355
2344
2355
2356
2345
2356
2357
2346
2357
2358
2347
2358
2359
2348
2359
2278
2349
2360
2361
2350
2361
2362
2351
2362
2363
2352
2363
2364
2353
2364
2365
2354
2365
2366
2355
2366
2367
2356
2367
2368
2357
2368
2369
2358
2369
2370
2359
2370
2282
2360
2371
2372
2361
2372
2373
2362
2373
2374
2363
2374
2375
2364
2375
2376
2365
2376
2377
2366
2377
2378
2367
2378
2379
2368
2379
2380
2369
2380
2381
2370
2381
2382
2383
2383
2384
2384
2385
2385
2382
2386
2387
2383
2387
2388
2384
2388
2389
2385
2389
2386
2390
2391
2387
2391
2392
2388
2392
2393
2389
2393
2390
2394
2395
2391
2395
2396
2392
2396
2397
2393
2397
2394
2398
2399
2395
2399
2400
2396
2400
2401
2397
2401
2398
2402
2403
2399
2403
2404
2400
2404
2405
2401
2405
2402
2406
2407
2403
2407
2408
2404
2408
2409
2405
2409
2406
2410
2411
2407
2411
2412
2408
2412
2413
2409
2413
2410
2414
2415
2411
2415
2416
2412
2416
2417
2413
2417
2414
2418
2419
2415
2419
2420
2416
2420
2421
2417
2421
2418
2422
2423
2419
2423
2424
2420
2424
2425
2421
2425
2422
2426
2427
2423
2427
2428
2424
2428
2429
2425
2429
2382
2430
2431
2431
2432
2432
2433
2433
2434
2326
2434
2386
2430
2435
2436
2431
2436
2437
2432
2437
2438
2433
2438
2439
2325
2434
2439
2390
2435
2440
2441
2436
2441
2442
2437
2442
2443
2438
2443
2444
2324
2439
2444
2394
2440
2445
2446
2441
2446
2447
2442
2447
2448
2443
2448
2449
2323
2444
2449
2398
2445
2450
2451
2446
2451
2452
2447
2452
2453
2448
2453
2454
2322
2449
2454
2402
2450
2455
2456
2451
2456
2457
2452
2457
2458
2453
2458
2459
2321
2454
2459
2406
2455
2460
2461
2456
2461
2462
2457
2462
2463
2458
2463
2464
2459
2464
2465
2465
2466
2466
2467
2467
2468
2468
2469
2469
2470
2470
2410
2460
2471
2472
2461
2472
2473
2462
2473
2474
2463
2474
2475
2464
2475
2476
2465
2476
2477
2466
2477
2478
2467
2478
2479
2468
2479
2480
2469
2480
2481
2470
2481
2414
2471
2482
2483
2472
2483
2484
2473
2484
2485
2474
2485
2486
2475
2486
2487
2476
2487
2488
2477
2488
2489
2478
2489
2490
2479
2490
2491
2480
2491
2492
2481
2492
2418
2482
2493
2494
2483
2494
2495
2484
2495
2496
2485
2496
2497
2486
2497
2498
2487
2498
2499
2488
2499
2500
2489
2500
2501
2490
2501
2502
2491
2502
2503
2492
2503
2422
2493
2504
2505
2494
2505
2506
2495
2506
2507
2496
2507
2508
2497
2508
2509
2498
2509
2510
2499
2510
2511
2500
2511
2512
2501
2512
2513
2502
2513
2514
2503
2514
2426
2504
2515
2516
2505
2516
2517
2506
2517
2518
2507
2518
2519
2508
2519
2520
2509
2520
2521
2510
2521
2522
2511
2522
2523
2512
2523
2524
2513
2524
2525
2514
2525
2526
2527
2527
2528
2528
2529
2529
2526
2530
2531
2527
2531
2532
2528
2532
2533
2529
2533
2530
2534
2535
2531
2535
2536
2532
2536
2537
2533
2537
2534
2538
2539
2535
2539
2540
2536
2540
2541
2537
2541
2538
2542
2543
2539
2543
2544
2540
2544
2545
2541
2545
2542
2546
2547
2543
2547
2548
2544
2548
2549
2545
2549
2546
2550
2551
2547
2551
2552
2548
2552
2553
2549
2553
2550
2554
2555
2551
2555
2556
2552
2556
2557
2553
2557
2554
2558
2559
2555
2559
2560
2556
2560
2561
2557
2561
2558
2562
2563
2559
2563
2564
2560
2564
2565
2561
2565
2562
2566
2567
2563
2567
2568
2564
2568
2569
2565
2569
2566
2570
2571
2567
2570
2572
2568
2572
2573
2569
2573
2526
2574
2575
2575
2576
2576
2577
2577
2578
2470
2578
2530
2574
2579
2580
2575
2580
2581
2576
2581
2582
2577
2582
2583
2469
2578
2583
2534
2579
2584
2585
2580
2585
2586
2581
2586
2587
2582
2587
2588
2468
2583
2588
2538
2584
2589
2590
2585
2590
2591
2586
2591
2592
2587
2592
2593
2467
2588
2593
2542
2589
2594
2595
2590
2595
2596
2591
2596
2597
2592
2597
2598
2466
2593
2598
2546
2594
2599
2600
2595
2600
2601
2596
2601
2602
2597
2602
2603
2465
2598
2603
2550
2599
2604
2605
2600
2605
2606
2601
2606
2607
2602
2607
2608
2603
2608
2609
2609
2610
2610
2611
2611
2612
2612
2613
2613
2614
2614
2554
2604
2615
2616
2605
2616
2617
2606
2617
2618
2607
2618
2619
2608
2619
2620
2609
2620
2621
2610
2621
2622
2611
2622
2623
2612
2623
2624
2613
2624
2625
2614
2625
2558
2615
2626
2627
2616
2627
2628
2617
2628
2629
2618
2629
2630
2619
2630
2631
2620
2631
2632
2621
2632
2633
2622
2633
2634
2623
2634
2635
2624
2635
2636
2625
2636
2562
2626
2637
2638
2627
2638
2639
2628
2639
2640
2629
2640
2641
2630
2641
2642
2631
2642
2643
2632
2643
2644
2633
2644
2645
2634
2645
2646
2635
2646
2647
2636
2647
2566
2637
2648
2649
2638
2649
2650
2639
2650
2651
2640
2651
2652
2641
2652
2653
2642
2653
2654
2643
2654
2655
2644
2655
2656
2645
2656
2657
2646
2657
2658
2647
2658
2571
2648
2659
2660
2649
2660
2661
2650
2661
2662
2651
2662
2663
2652
2663
2664
2653
2664
2665
2654
2665
2666
2655
2666
2667
2656
2667
2668
2657
2668
2669
2658
2669
2670
2671
2671
2672
2672
2673
2673
2670
2674
2675
2671
2675
2676
2672
2676
2677
2673
2677
2674
2678
2679
2675
2679
2680
2676
2680
2681
2677
2681
2678
2682
2683
2679
2683
2684
2680
2684
2685
2681
2685
2682
2686
2687
2683
2687
2688
2684
2688
2689
2685
2689
2686
2690
2691
2687
2691
2692
2688
2692
2693
2689
2693
2690
2694
2695
2691
2695
2696
2692
2696
2697
2693
2697
2694
2698
2699
2695
2699
2700
2696
2700
2701
2697
2701
2698
2702
2703
2699
2703
2704
2700
2704
2705
2701
2705
2702
2706
2707
2703
2707
2708
2704
2708
2709
2705
2709
2706
2710
2711
2707
2710
2712
2708
2712
2713
2709
2713
2710
2714
2715
2711
2715
2716
2712
2714
2717
2713
2717
2670
2718
2719
2719
2720
2720
2721
2721
2722
2614
2722
2674
2718
2723
2724
2719
2724
2725
2720
2725
2726
2721
2726
2727
2613
2722
2727
2678
2723
2728
2729
2724
2729
2730
2725
2730
2731
2726
2731
2732
2612
2727
2732
2682
2728
2733
2734
2729
2734
2735
2730
2735
2736
2731
2736
2737
2611
2732
2737
2686
2733
2738
2739
2734
2739
2740
2735
2740
2741
2736
2741
2742
2610
2737
2742
2690
2738
2743
2744
2739
2744
2745
2740
2745
2746
2741
2746
2747
2609
2742
2747
2694
2743
2748
2749
2744
2749
2750
2745
2750
2751
2746
2751
2752
2747
2752
2753
2753
2754
2754
2755
2755
2756
2756
2757
2757
2758
2758
2698
2748
2759
2760
2749
2760
2761
2750
2761
2762
2751
2762
2763
2752
2763
2764
2753
2764
2765
2754
2765
2766
2755
2766
2767
2756
2767
2768
2757
2768
2769
2758
2769
2702
2759
2770
2771
2760
2771
2772
2761
2772
2773
2762
2773
2774
2763
2774
2775
2764
2775
2776
2765
2776
2777
2766
2777
2778
2767
2778
2779
2768
2779
2780
2769
2780
2706
2770
2781
2782
2771
2782
2783
2772
2783
2784
2773
2784
2785
2774
2785
2786
2775
2786
2787
2776
2787
2788
2777
2788
2789
2778
2789
2790
2779
2790
2791
2780
2791
2711
2781
2792
2793
2782
2793
2794
2783
2794
2795
2784
2795
2796
2785
2796
2797
2786
2797
2798
2787
2798
2799
2788
2799
2800
2789
2800
2801
2790
2801
2802
2791
2802
2716
2792
2803
2804
2793
2804
2805
2794
2805
2806
2795
2806
2807
2796
2807
2808
2797
2808
2809
2798
2809
2810
2799
2810
2811
2800
2811
2812
2801
2812
2813
2802
2813
2814
2815
2815
2816
2816
2817
2817
2814
2818
2819
2815
2819
2820
2816
2820
2821
2817
2821
2818
2822
2823
2819
2823
2824
2820
2824
2825
2821
2825
2822
2826
2827
2823
2827
2828
2824
2828
2829
2825
2829
2826
2830
2831
2827
2831
2832
2828
2832
2833
2829
2833
2830
2834
2835
2831
2835
2836
2832
2836
2837
2833
2837
2834
2838
2839
2835
2839
2840
2836
2840
2841
2837
2841
2838
2842
2843
2839
2843
2844
2840
2844
2845
2841
2845
2842
2846
2847
2843
2847
2848
2844
2848
2849
2845
2849
2846
2850
2851
2847
2850
2852
2848
2852
2853
2849
2853
2850
2854
2855
2851
2855
2856
2852
2854
2857
2853
2857
2854
2858
2859
2855
2859
2860
2856
2860
2861
2857
2858
2814
2862
2863
2863
2864
2864
2865
2865
2866
2758
2866
2818
2862
2867
2868
2863
2868
2869
2864
2869
2870
2865
2870
2871
2757
2866
2871
2822
2867
2872
2873
2868
2873
2874
2869
2874
2875
2870
2875
2876
2756
2871
2876
2826
2872
2877
2878
2873
2878
2879
2874
2879
2880
2875
2880
2881
2755
2876
2881
2830
2877
2882
2883
2878
2883
2884
2879
2884
2885
2880
2885
2886
2754
2881
2886
2834
2882
2887
2888
2883
2888
2889
2884
2889
2890
2885
2890
2891
2753
2886
2891
2838
2887
2892
2893
2888
2893
2894
2889
2894
2895
2890
2895
2896
2891
2896
2897
2897
2898
2898
2899
2899
2900
2900
2901
2901
2902
2902
2842
2892
2903
2904
2893
2904
2905
2894
2905
2906
2895
2906
2907
2896
2907
2908
2897
2908
2909
2898
2909
2910
2899
2910
2911
2900
2911
2912
2901
2912
2913
2902
2913
2846
2903
2914
2915
2904
2915
2916
2905
2916
2917
2906
2917
2918
2907
2918
2919
2908
2919
2920
2909
2920
2921
2910
2921
2922
2911
2922
2923
2912
2923
2924
2913
2924
2851
2914
2925
2926
2915
2926
2927
2916
2927
2928
2917
2928
2929
2918
2929
2930
2919
2930
2931
2920
2931
2932
2921
2932
2933
2922
2933
2934
2923
2934
2935
2924
2935
2856
2925
2936
2937
2926
2937
2938
2927
2938
2939
2928
2939
2940
2929
2940
2941
2930
2941
2942
2931
2942
2943
2932
2943
2944
2933
2944
2945
2934
2945
2946
2935
2946
2861
2936
2947
2948
2937
2948
2949
2938
2949
2950
2939
2950
2951
2940
2951
2952
2941
2952
2953
2942
2953
2954
2943
2954
2955
2944
2955
2956
2945
2956
2957
2946
2957
2958
2959
2959
2960
2960
2961
2961
2958
2962
2963
2959
2963
2964
2960
2964
2965
2961
2965
2962
2966
2967
2963
2967
2968
2964
2968
2969
2965
2969
2966
2970
2971
2967
2971
2972
2968
2972
2973
2969
2973
2970
2974
2975
2971
2975
2976
2972
2976
2977
2973
2977
2974
2978
2979
2975
2979
2980
2976
2980
2981
2977
2981
2978
2982
2983
2979
2983
2984
2980
2984
2985
2981
2985
2982
2986
2987
2983
2987
2988
2984
2988
2989
2985
2989
2986
2990
2991
2987
2990
2992
2988
2992
2993
2989
2993
2990
2994
2995
2991
2995
2996
2992
2994
2997
2993
2997
2994
2998
2999
2995
2999
3000
2996
3000
3001
2997
2998
2998
3002
2999
3002
3003
3000
3003
3004
3001
3004
3005
2958
3006
3007
3007
3008
3008
3009
3009
3010
2902
3010
2962
3006
3011
3012
3007
3012
3013
3008
3013
3014
3009
3014
3015
2901
3010
3015
2966
3011
3016
3017
3012
3017
3018
3013
3018
3019
3014
3019
3020
2900
3015
3020
2970
3016
3021
3022
3017
3022
3023
3018
3023
3024
3019
3024
3025
2899
3020
3025
2974
3021
3026
3027
3022
3027
3028
3023
3028
3029
3024
3029
3030
2898
3025
3030
2978
3026
3031
3032
3027
3032
3033
3028
3033
3034
3029
3034
3035
2897
3030
3035
2982
3031
3036
3037
3032
3037
3038
3033
3038
3039
3034
3039
3040
3035
3040
3041
3041
3042
3042
3043
3043
3044
3044
3045
3045
3046
3046
2986
3036
3047
3048
3037
3048
3049
3038
3049
3050
3039
3050
3051
3040
3051
3052
3041
3052
3053
3042
3053
3054
3043
3054
3055
3044
3055
3056
3045
3056
3057
3046
3057
2991
3047
3058
3059
3048
3059
3060
3049
3060
3061
3050
3061
3062
3051
3062
3063
3052
3063
3064
3053
3064
3065
3054
3065
3066
3055
3066
3067
3056
3067
3068
3057
3068
2996
3058
3069
3070
3059
3070
3071
3060
3071
3072
3061
3072
3073
3062
3073
3074
3063
3074
3075
3064
3075
3076
3065
3076
3077
3066
3077
3078
3067
3078
3079
3068
3079
3001
3069
3080
3081
3070
3081
3082
3071
3082
3083
3072
3083
3084
3073
3084
3085
3074
3085
3086
3075
3086
3087
3076
3087
3088
3077
3088
3089
3078
3089
3090
3079
3090
3005
3080
3091
3092
3081
3092
3093
3082
3093
3094
3083
3094
3095
3084
3095
3096
3085
3096
3097
3086
3097
3098
3087
3098
3099
3088
3099
3100
3089
3100
3101
3090
3101
3102
3103
3103
3104
3104
3105
3105
3102
3106
3107
3103
3107
3108
3104
3108
3109
3105
3109
3106
3110
3111
3107
3111
3112
3108
3112
3113
3109
3113
3110
3114
3115
3111
3115
3116
3112
3116
3117
3113
3117
3114
3118
3119
3115
3119
3120
3116
3120
3121
3117
3121
3118
3122
3123
3119
3123
3124
3120
3124
3125
3121
3125
3122
3126
3127
3123
3127
3128
3124
3128
3129
3125
3129
3126
3130
3131
3127
3130
3132
3128
3132
3133
3129
3133
3130
3134
3135
3131
3135
3136
3132
3134
3137
3133
3137
3134
3138
3139
3135
3139
3140
3136
3140
3141
3137
3138
3138
3142
3139
3142
3143
3140
3143
3144
3141
3144
3145
3142
3146
3143
3146
3147
3144
3147
3148
3145
3148
3149
3102
3150
3151
3151
3152
3152
3153
3153
3154
3046
3154
3106
3150
3155
3156
3151
3156
3157
3152
3157
3158
3153
3158
3159
3045
3154
3159
3110
3155
3160
3161
3156
3161
3162
3157
3162
3163
3158
3163
3164
3044
3159
3164
3114
3160
3165
3166
3161
3166
3167
3162
3167
3168
3163
3168
3169
3043
3164
3169
3118
3165
3170
3171
3166
3171
3172
3167
3172
3173
3168
3173
3174
3042
3169
3174
3122
3170
3175
3176
3171
3176
3177
3172
3177
3178
3173
3178
3179
3041
3174
3179
3126
3175
3180
3181
3176
3181
3182
3177
3182
3183
3178
3183
3184
3179
3184
3185
3185
3186
3186
3187
3187
3188
3188
3189
3189
3190
3190
3131
3180
3191
3192
3181
3192
3193
3182
3193
3194
3183
3194
3195
3184
3195
3196
3185
3196
3197
3186
3197
3198
3187
3198
3199
3188
3199
3200
3189
3200
3201
3190
3201
3136
3191
3202
3203
3192
3203
3204
3193
3204
3205
3194
3205
3206
3195
3206
3207
3196
3207
3208
3197
3208
3209
3198
3209
3210
3199
3210
3211
3200
3211
3212
3201
3212
3141
3202
3213
3214
3203
3214
3215
3204
3215
3216
3205
3216
3217
3206
3217
3218
3207
3218
3219
3208
3219
3220
3209
3220
3221
3210
3221
3222
3211
3222
3223
3212
3223
3145
3213
3224
3225
3214
3225
3226
3215
3226
3227
3216
3227
3228
3217
3228
3229
3218
3229
3230
3219
3230
3231
3220
3231
3232
3221
3232
3233
3222
3233
3234
3223
3234
3149
3224
3235
3236
3225
3236
3237
3226
3237
3238
3227
3238
3239
3228
3239
3240
3229
3240
3241
3230
3241
3242
3231
3242
3243
3232
3243
3244
3233
3244
3245
3234
3245
3246
3247
3247
3248
3248
3249
3249
3246
3250
3251
3247
3251
3252
3248
3252
3253
3249
3253
3250
3254
3255
3251
3255
3256
3252
3256
3257
3253
3257
3254
3258
3259
3255
3259
3260
3256
3260
3261
3257
3261
3258
3262
3263
3259
3263
3264
3260
3264
3265
3261
3265
3262
3266
3267
3263
3267
3268
3264
3268
3269
3265
3269
3266
3270
3271
3267
3270
3272
3268
3272
3273
3269
3273
3270
3274
3275
3271
3275
3276
3272
3274
3277
3273
3277
3274
3278
3279
3275
3279
3280
3276
3280
3281
3277
3278
3278
3282
3279
3282
3283
3280
3283
3284
3281
3284
3285
3282
3286
3283
3286
3287
3284
3287
3288
3285
3288
3289
3286
3290
3287
3290
3291
3288
3291
3292
3289
3292
3293
3246
3294
3295
3295
3296
3296
3297
3297
3298
3190
3298
3250
3294
3299
3300
3295
3300
3301
3296
3301
3302
3297
3302
3303
3189
3298
3303
3254
3299
3304
3305
3300
3305
3306
3301
3306
3307
3302
3307
3308
3188
3303
3308
3258
3304
3309
3310
3305
3310
3311
3306
3311
3312
3307
3312
3313
3187
3308
3313
3262
3309
3314
3315
3310
3315
3316
3311
3316
3317
3312
3317
3318
3186
3313
3318
3266
3314
3319
3320
3315
3320
3321
3316
3321
3322
3317
3322
3323
3185
3318
3323
3271
3319
3324
3325
3320
3325
3326
3321
3326
3327
3322
3327
3328
3323
3328
3329
3329
3330
3330
3331
3331
3332
3332
3333
3333
3334
3334
3276
3324
3335
3336
3325
3336
3337
3326
3337
3338
3327
3338
3339
3328
3339
3340
3329
3340
3341
3330
3341
3342
3331
3342
3343
3332
3343
3344
3333
3344
3345
3334
3345
3281
3335
3346
3347
3336
3347
3348
3337
3348
3349
3338
3349
3350
3339
3350
3351
3340
3351
3352
3341
3352
3353
3342
3353
3354
3343
3354
3355
3344
3355
3356
3345
3356
3285
3346
3357
3358
3347
3358
3359
3348
3359
3360
3349
3360
3361
3350
3361
3362
3351
3362
3363
3352
3363
3364
3353
3364
3365
3354
3365
3366
3355
3366
3367
3356
3367
3289
3357
3368
3369
3358
3369
3370
3359
3370
3371
3360
3371
3372
3361
3372
3373
3362
3373
3374
3363
3374
3375
3364
3375
3376
3365
3376
3377
3366
3377
3378
3367
3378
3293
3368
3379
3380
3369
3380
3381
3370
3381
3382
3371
3382
3383
3372
3383
3384
3373
3384
3385
3374
3385
3386
3375
3386
3387
3376
3387
3388
3377
3388
3389
3378
3389
3390
3391
3391
3392
3392
3393
3393
3390
3394
3395
3391
3395
3396
3392
3396
3397
3393
3397
3394
3398
3399
3395
3399
3400
3396
3400
3401
3397
3401
3398
3402
3403
3399
3403
3404
3400
3404
3405
3401
3405
3402
3406
3407
3403
3407
3408
3404
3408
3409
3405
3409
3406
3410
3411
3407
3410
3412
3408
3412
3413
3409
3413
3410
3414
3415
3411
3415
3416
3412
3414
3417
3413
3417
3414
3418
3419
3415
3419
3420
3416
3420
3421
3417
3418
3418
3422
3419
3422
3423
3420
3423
3424
3421
3424
3425
3422
3426
3423
3426
3427
3424
3427
3428
3425
3428
3429
3426
3430
3427
3430
3431
3428
3431
3432
3429
3432
3433
3430
3434
3431
3434
3435
3432
3435
3436
3433
3436
3437
3390
3438
3439
3439
3440
3440
3441
3441
3442
3334
3442
3394
3438
3443
3444
3439
3444
3445
3440
3445
3446
3441
3446
3447
3333
3442
3447
3398
3443
3448
3449
3444
3449
3450
3445
3450
3451
3446
3451
3452
3332
3447
3452
3402
3448
3453
3454
3449
3454
3455
3450
3455
3456
3451
3456
3457
3331
3452
3457
3406
3453
3458
3459
3454
3459
3460
3455
3460
3461
3456
3461
3462
3330
3457
3462
3411
3458
3463
3464
3459
3464
3465
3460
3465
3466
3461
3466
3467
3329
3462
3467
3416
3463
3468
3469
3464
3469
3470
3465
3470
3471
3466
3471
3472
3467
3472
3473
3473
3474
3474
3475
3475
3476
3476
3477
3477
3478
3478
3421
3468
3479
3480
3469
3480
3481
3470
3481
3482
3471
3482
3483
3472
3483
3484
3473
3484
3485
3474
3485
3486
3475
3486
3487
3476
3487
3488
3477
3488
3489
3478
3489
3425
3479
3490
3491
3480
3491
3492
3481
3492
3493
3482
3493
3494
3483
3494
3495
3484
3495
3496
3485
3496
3497
3486
3497
3498
3487
3498
3499
3488
3499
3500
3489
3500
3429
3490
3501
3502
3491
3502
3503
3492
3503
3504
3493
3504
3505
3494
3505
3506
3495
3506
3507
3496
3507
3508
3497
3508
3509
3498
3509
3510
3499
3510
3511
3500
3511
3433
3501
3512
3513
3502
3513
3514
3503
3514
3515
3504
3515
3516
3505
3516
3517
3506
3517
3518
3507
3518
3519
3508
3519
3520
3509
3520
3521
3510
3521
3522
3511
3522
3437
3512
3523
3524
3513
3524
3525
3514
3525
3526
3515
3526
3527
3516
3527
3528
3517
3528
3529
3518
3529
3530
3519
3530
3531
3520
3531
3532
3521
3532
3533
3522
3533
3534
3535
3535
3536
3536
3537
3537
3534
3538
3539
3535
3539
3540
3536
3540
3541
3537
3541
3538
3542
3543
3539
3543
3544
3540
3544
3545
3541
3545
3542
3546
3547
3543
3547
3548
3544
3548
3549
3545
3549
3546
3550
3551
3547
3550
3552
3548
3552
3553
3549
3553
3550
3554
3555
3551
3555
3556
3552
3554
3557
3553
3557
3554
3558
3559
3555
3559
3560
3556
3560
3561
3557
3558
3558
3562
3559
3562
3563
3560
3563
3564
3561
3564
3565
3562
3566
3563
3566
3567
3564
3567
3568
3565
3568
3569
3566
3570
3567
3570
3571
3568
3571
3572
3569
3572
3573
3570
3574
3571
3574
3575
3572
3575
3576
3573
3576
3577
3574
3578
3575
3578
3579
3576
3579
3580
3577
3580
3581
3534
3582
3583
3583
3584
3584
3585
3585
3586
3478
3586
3538
3582
3587
3588
3583
3588
3589
3584
3589
3590
3585
3590
3591
3477
3586
3591
3542
3587
3592
3593
3588
3593
3594
3589
3594
3595
3590
3595
3596
3476
3591
3596
3546
3592
3597
3598
3593
3598
3599
3594
3599
3600
3595
3600
3601
3475
3596
3601
3551
3597
3602
3603
3598
3603
3604
3599
3604
3605
3600
3605
3606
3474
3601
3606
3556
3602
3607
3608
3603
3608
3609
3604
3609
3610
3605
3610
3611
3473
3606
3611
3561
3607
3612
3613
3608
3613
3614
3609
3614
3615
3610
3615
3616
3611
3616
3617
3617
3618
3618
3619
3619
3620
3620
3621
3621
3622
3622
3565
3612
3623
3624
3613
3624
3625
3614
3625
3626
3615
3626
3627
3616
3627
3628
3617
3628
3629
3618
3629
3630
3619
3630
3631
3620
3631
3632
3621
3632
3633
3622
3633
3569
3623
3634
3635
3624
3635
3636
3625
3636
3637
3626
3637
3638
3627
3638
3639
3628
3639
3640
3629
3640
3641
3630
3641
3642
3631
3642
3643
3632
3643
3644
3633
3644
3573
3634
3645
3646
3635
3646
3647
3636
3647
3648
3637
3648
3649
3638
3649
3650
3639
3650
3651
3640
3651
3652
3641
3652
3653
3642
3653
3654
3643
3654
3655
3644
3655
3577
3645
3656
3657
3646
3657
3658
3647
3658
3659
3648
3659
3660
3649
3660
3661
3650
3661
3662
3651
3662
3663
3652
3663
3664
3653
3664
3665
3654
3665
3666
3655
3666
3581
3656
3667
3657
3667
3668
3658
3668
3669
3659
3669
3670
3660
3670
3671
3661
3671
3672
3662
3672
3673
3663
3673
3674
3664
3674
3675
3665
3675
3676
3666
3676
3677
3678
3678
3679
3679
3680
3680
3677
3681
3682
3678
3682
3683
3679
3683
3684
3680
3684
3681
3685
3686
3682
3686
3687
3683
3687
3688
3684
3688
3685
3689
3690
3686
3689
3691
3687
3691
3692
3688
3692
3689
3693
3694
3690
3694
3695
3691
3693
3696
3692
3696
3693
3697
3698
3694
3698
3699
3695
3699
3700
3696
3697
3697
3701
3698
3701
3702
3699
3702
3703
3700
3703
3704
3701
3705
3702
3705
3706
3703
3706
3707
3704
3707
3708
3705
3709
3706
3709
3710
3707
3710
3711
3708
3711
3712
3709
3713
3710
3713
3714
3711
3714
3715
3712
3715
3716
3713
3717
3714
3717
3718
3715
3718
3719
3716
3719
3720
3717
3721
3718
3721
3722
3719
3722
3723
3720
3723
3677
3724
3725
3725
3726
3726
3727
3727
3728
3622
3728
3681
3724
3729
3730
3725
3730
3731
3726
3731
3732
3727
3732
3733
3621
3728
3733
3685
3729
3734
3735
3730
3735
3736
3731
3736
3737
3732
3737
3738
3620
3733
3738
3690
3734
3739
3740
3735
3740
3741
3736
3741
3742
3737
3742
3743
3619
3738
3743
3695
3739
3744
3745
3740
3745
3746
3741
3746
3747
3742
3747
3748
3618
3743
3748
3700
3744
3749
3750
3745
3750
3751
3746
3751
3752
3747
3752
3753
3617
3748
3753
3704
3749
3754
3755
3750
3755
3756
3751
3756
3757
3752
3757
3758
3753
3758
3759
3759
3760
3760
3761
3761
3762
3762
3763
3763
3764
3764
3708
3754
3765
3766
3755
3766
3767
3756
3767
3768
3757
3768
3769
3758
3769
3770
3759
3770
3771
3760
3771
3772
3761
3772
3773
3762
3773
3774
3763
3774
3775
3764
3775
3712
3765
3776
3777
3766
3777
3778
3767
3778
3779
3768
3779
3780
3769
3780
3781
3770
3781
3782
3771
3782
3783
3772
3783
3784
3773
3784
3785
3774
3785
3786
3775
3786
3716
3776
3787
3788
3777
3788
3789
3778
3789
3790
3779
3790
3791
3780
3791
3792
3781
3792
3793
3782
3793
3794
3783
3794
3795
3784
3795
3796
3785
3796
3797
3786
3797
3720
3787
3798
3788
3798
3799
3789
3799
3800
3790
3800
3801
3791
3801
3802
3792
3802
3803
3793
3803
3804
3794
3804
3805
3795
3805
3806
3796
3806
3807
3797
3807
3798
3808
3799
3808
3809
3800
3809
3810
3801
3810
3811
3802
3811
3812
3803
3812
3813
3804
3813
3814
3805
3814
3815
3806
3815
3816
3807
3816
3817
3818
3818
3819
3819
3820
3820
3817
3821
3822
3818
3822
3823
3819
3823
3824
3820
3824
3821
3825
3826
3822
3825
3827
3823
3827
3828
3824
3828
3825
3829
3830
3826
3830
3831
3827
3829
3832
3828
3832
3829
3833
3834
3830
3834
3835
3831
3835
3836
3832
3833
3833
3837
3834
3837
3838
3835
3838
3839
3836
3839
3840
3837
3841
3838
3841
3842
3839
3842
3843
3840
3843
3844
3841
3845
3842
3845
3846
3843
3846
3847
3844
3847
3848
3845
3849
3846
3849
3850
3847
3850
3851
3848
3851
3852
3849
3853
3850
3853
3854
3851
3854
3855
3852
3855
3856
3853
3857
3854
3857
3858
3855
3858
3859
3856
3859
3857
3860
3858
3860
3861
3859
3861
3817
3862
3863
3863
3864
3864
3865
3865
3866
3764
3866
3821
3862
3867
3868
3863
3868
3869
3864
3869
3870
3865
3870
3871
3763
3866
3871
3826
3867
3872
3873
3868
3873
3874
3869
3874
3875
3870
3875
3876
3762
3871
3876
3831
3872
3877
3878
3873
3878
3879
3874
3879
3880
3875
3880
3881
3761
3876
3881
3836
3877
3882
3883
3878
3883
3884
3879
3884
3885
3880
3885
3886
3760
3881
3886
3840
3882
3887
3888
3883
3888
3889
3884
3889
3890
3885
3890
3891
3759
3886
3891
3844
3887
3892
3893
3888
3893
3894
3889
3894
3895
3890
3895
3896
3891
3896
3897
3897
3898
3898
3899
3899
3900
3900
3901
3901
3902
3902
3848
3892
3903
3904
3893
3904
3905
3894
3905
3906
3895
3906
3907
3896
3907
3908
3897
3908
3909
3898
3909
3910
3899
3910
3911
3900
3911
3912
3901
3912
3913
3902
3913
3852
3903
3914
3915
3904
3915
3916
3905
3916
3917
3906
3917
3918
3907
3918
3919
3908
3919
3920
3909
3920
3921
3910
3921
3922
3911
3922
3923
3912
3923
3924
3913
3924
3856
3914
3925
3915
3925
3926
3916
3926
3927
3917
3927
3928
3918
3928
3929
3919
3929
3930
3920
3930
3931
3921
3931
3932
3922
3932
3933
3923
3933
3934
3924
3934
3925
3935
3926
3935
3936
3927
3936
3937
3928
3937
3938
3929
3938
3939
3930
3939
3940
3931
3940
3941
3932
3941
3942
3933
3942
3943
3934
3943
3935
3944
3936
3944
3945
3937
3945
3946
3938
3946
3947
3939
3947
3948
3940
3948
3949
3941
3949
3950
3942
3950
3951
3943
3951
3952
3953
3953
3954
3954
3955
3955
3952
3956
3957
3953
3956
3958
3954
3958
3959
3955
3959
3956
3960
3961
3957
3961
3962
3958
3960
3963
3959
3963
3960
3964
3965
3961
3965
3966
3962
3966
3967
3963
3964
3964
3968
3965
3968
3969
3966
3969
3970
3967
3970
3971
3968
3972
3969
3972
3973
3970
3973
3974
3971
3974
3975
3972
3976
3973
3976
3977
3974
3977
3978
3975
3978
3979
3976
3980
3977
3980
3981
3978
3981
3982
3979
3982
3983
3980
3984
3981
3984
3985
3982
3985
3986
3983
3986
3987
3984
3988
3985
3988
3989
3986
3989
3990
3987
3990
3988
3991
3989
3991
3992
3990
3992
3991
3993
3992
3993
3952
3994
3995
3995
3996
3996
3997
3997
3998
3902
3998
3957
3994
3999
4000
3995
4000
4001
3996
4001
4002
3997
4002
4003
3901
3998
4003
3962
3999
4004
4005
4000
4005
4006
4001
4006
4007
4002
4007
4008
3900
4003
4008
3967
4004
4009
4010
4005
4010
4011
4006
4011
4012
4007
4012
4013
3899
4008
4013
3971
4009
4014
4015
4010
4015
4016
4011
4016
4017
4012
4017
4018
3898
4013
4018
3975
4014
4019
4020
4015
4020
4021
4016
4021
4022
4017
4022
4023
3897
4018
4023
3979
4019
4024
4025
4020
4025
4026
4021
4026
4027
4022
4027
4028
4023
4028
4029
4029
4030
4030
4031
4031
4032
4032
4033
4033
4034
4034
3983
4024
4035
4036
4025
4036
4037
4026
4037
4038
4027
4038
4039
4028
4039
4040
4029
4040
4041
4030
4041
4042
4031
4042
4043
4032
4043
4044
4033
4044
4045
4034
4045
3987
4035
4046
4036
4046
4047
4037
4047
4048
4038
4048
4049
4039
4049
4050
4040
4050
4051
4041
4051
4052
4042
4052
4053
4043
4053
4054
4044
4054
4055
4045
4055
4046
4056
4047
4056
4057
4048
4057
4058
4049
4058
4059
4050
4059
4060
4051
4060
4061
4052
4061
4062
4053
4062
4063
4054
4063
4064
4055
4064
4056
4065
4057
4065
4066
4058
4066
4067
4059
4067
4068
4060
4068
4069
4061
4069
4070
4062
4070
4071
4063
4071
4072
4064
4072
4065
4073
4066
4073
4074
4067
4074
4075
4068
4075
4076
4069
4076
4077
4070
4077
4078
4071
4078
4079
4072
4079
4080
4081
4080
4082
4082
4083
4083
4080
4084
4085
4081
4085
4086
4082
4084
4087
4083
4087
4084
4088
4089
4085
4089
4090
4086
4090
4091
4087
4088
4088
4092
4089
4092
4093
4090
4093
4094
4091
4094
4095
4092
4096
4093
4096
4097
4094
4097
4098
4095
4098
4099
4096
4100
4097
4100
4101
4098
4101
4102
4099
4102
4103
4100
4104
4101
4104
4105
4102
4105
4106
4103
4106
4107
4104
4108
4105
4108
4109
4106
4109
4110
4107
4110
4111
4108
4112
4109
4112
4113
4110
4113
4114
4111
4114
4112
4115
4113
4115
4116
4114
4116
4115
4117
4116
4117
4117
4081
4118
4119
4119
4120
4120
4121
4121
4122
4034
4122
4086
4118
4123
4124
4119
4124
4125
4120
4125
4126
4121
4126
4127
4033
4122
4127
4091
4123
4128
4129
4124
4129
4130
4125
4130
4131
4126
4131
4132
4032
4127
4132
4095
4128
4133
4134
4129
4134
4135
4130
4135
4136
4131
4136
4137
4031
4132
4137
4099
4133
4138
4139
4134
4139
4140
4135
4140
4141
4136
4141
4142
4030
4137
4142
4103
4138
4143
4144
4139
4144
4145
4140
4145
4146
4141
4146
4147
4029
4142
4147
4107
4143
4148
4149
4144
4149
4150
4145
4150
4151
4146
4151
4152
4147
4152
4153
4153
4154
4154
4155
4155
4156
4156
4157
4157
4158
4158
4111
4148
4159
4149
4159
4160
4150
4160
4161
4151
4161
4162
4152
4162
4163
4153
4163
4164
4154
4164
4165
4155
4165
4166
4156
4166
4167
4157
4167
4168
4158
4168
4159
4169
4160
4169
4170
4161
4170
4171
4162
4171
4172
4163
4172
4173
4164
4173
4174
4165
4174
4175
4166
4175
4176
4167
4176
4177
4168
4177
4169
4178
4170
4178
4179
4171
4179
4180
4172
4180
4181
4173
4181
4182
4174
4182
4183
4175
4183
4184
4176
4184
4185
4177
4185
4178
4186
4179
4186
4187
4180
4187
4188
4181
4188
4189
4182
4189
4190
4183
4190
4191
4184
4191
4192
4185
4192
4186
4193
4187
4193
4194
4188
4194
4195
4189
4195
4196
4190
4196
4197
4191
4197
4198
4192
4198
4199
4200
4200
4201
4199
4202
4202
4199
4203
4204
4200
4204
4205
4201
4205
4206
4202
4203
4203
4207
4204
4207
4208
4205
4208
4209
4206
4209
4210
4207
4211
4208
4211
4212
4209
4212
4213
4210
4213
4214
4211
4215
4212
4215
4216
4213
4216
4217
4214
4217
4218
4215
4219
4216
4219
4220
4217
4220
4221
4218
4221
4222
4219
4223
4220
4223
4224
4221
4224
4225
4222
4225
4226
4223
4227
4224
4227
4228
4225
4228
4229
4226
4229
4227
4230
4228
4230
4231
4229
4231
4230
4232
4231
4232
4232
4201
4233
4234
4234
4235
4235
4236
4236
4237
4158
4237
4206
4233
4238
4239
4234
4239
4240
4235
4240
4241
4236
4241
4242
4157
4237
4242
4210
4238
4243
4244
4239
4244
4245
4240
4245
4246
4241
4246
4247
4156
4242
4247
4214
4243
4248
4249
4244
4249
4250
4245
4250
4251
4246
4251
4252
4155
4247
4252
4218
4248
4253
4254
4249
4254
4255
4250
4255
4256
4251
4256
4257
4154
4252
4257
4222
4253
4258
4259
4254
4259
4260
4255
4260
4261
4256
4261
4262
4153
4257
4262
4226
4258
4263
4259
4263
4264
4260
4264
4265
4261
4265
4266
4262
4266
4267
4267
4268
4268
4269
4269
4270
4270
4271
4271
4272
4272
4263
4273
4264
4273
4274
4265
4274
4275
4266
4275
4276
4267
4276
4277
4268
4277
4278
4269
4278
4279
4270
4279
4280
4271
4280
4281
4272
4281
4273
4282
4274
4282
4283
4275
4283
4284
4276
4284
4285
4277
4285
4286
4278
4286
4287
4279
4287
4288
4280
4288
4289
4281
4289
4282
4290
4283
4290
4291
4284
4291
4292
4285
4292
4293
4286
4293
4294
4287
4294
4295
4288
4295
4296
4289
4296
4290
4297
4291
4297
4298
4292
4298
4299
4293
4299
4300
4294
4300
4301
4295
4301
4302
4296
4302
4297
4303
4298
4303
4304
4299
4304
4305
4300
4305
4306
4301
4306
4307
4302
4307
4308
4309
4309
4310
4310
4311
4308
4308
4312
4309
4312
4313
4310
4313
4314
4311
4314
4315
4312
4316
4313
4316
4317
4314
4317
4318
4315
4318
4319
4316
4320
4317
4320
4321
4318
4321
4322
4319
4322
4323
4320
4324
4321
4324
4325
4322
4325
4326
4323
4326
4327
4324
4328
4325
4328
4329
4326
4329
4330
4327
4330
4331
4328
4332
4329
4332
4333
4330
4333
4334
4331
4334
4332
4335
4333
4335
4336
4334
4336
4335
4337
4336
4337
4337
4311
4338
4339
4339
4340
4340
4341
4341
4342
4272
4342
4315
4338
4343
4344
4339
4344
4345
4340
4345
4346
4341
4346
4347
4271
4342
4347
4319
4343
4348
4349
4344
4349
4350
4345
4350
4351
4346
4351
4352
4270
4347
4352
4323
4348
4353
4354
4349
4354
4355
4350
4355
4356
4351
4356
4357
4269
4352
4357
4327
4353
4358
4359
4354
4359
4360
4355
4360
4361
4356
4361
4362
4268
4357
4362
4331
4358
4363
4359
4363
4364
4360
4364
4365
4361
4365
4366
4267
4362
4366
4363
4367
4364
4367
4368
4365
4368
4369
4366
4369
4370
4370
4371
4371
4372
4372
4373
4373
4374
4374
4375
4375
4367
4376
4368
4376
4377
4369
4377
4378
4370
4378
4379
4371
4379
4380
4372
4380
4381
4373
4381
4382
4374
4382
4383
4375
4383
4376
4384
4377
4384
4385
4378
4385
4386
4379
4386
4387
4380
4387
4388
4381
4388
4389
4382
4389
4390
4383
4390
4384
4391
4385
4391
4392
4386
4392
4393
4387
4393
4394
4388
4394
4395
4389
4395
4396
4390
4396
4391
4397
4392
4397
4398
4393
4398
4399
4394
4399
4400
4395
4400
4401
4396
4401
4397
4402
4398
4402
4403
4399
4403
4404
4400
4404
4405
4401
4405
4406
4406
4407
4407
4408
4408
4409
4406
4410
4407
4410
4411
4408
4411
4412
4409
4412
4413
4410
4414
4411
4414
4415
4412
4415
4416
4413
4416
4417
4414
4418
4415
4418
4419
4416
4419
4420
4417
4420
4421
4418
4422
4419
4422
4423
4420
4423
4424
4421
4424
4425
4422
4426
4423
4426
4427
4424
4427
4428
4425
4428
4426
4429
4427
4429
4430
4428
4430
4429
4431
4430
4431
4431
4409
4432
4433
4433
4434
4434
4435
4435
4436
4375
4436
4413
4432
4437
4438
4433
4438
4439
4434
4439
4440
4435
4440
4441
4374
4436
4441
4417
4437
4442
4443
4438
4443
4444
4439
4444
4445
4440
4445
4446
4373
4441
4446
4421
4442
4447
4448
4443
4448
4449
4444
4449
4450
4445
4450
4451
4372
4446
4451
4425
4447
4452
4448
4452
4453
4449
4453
4454
4450
4454
4455
4371
4451
4455
4452
4456
4453
4456
4457
4454
4457
4458
4370
4455
4458
4456
4459
4457
4459
4460
4458
4460
4461
4461
4462
4462
4463
4463
4464
4464
4465
4465
4466
4466
4459
4467
4460
4467
4468
4461
4468
4469
4462
4469
4470
4463
4470
4471
4464
4471
4472
4465
4472
4473
4466
4473
4467
4474
4468
4474
4475
4469
4475
4476
4470
4476
4477
4471
4477
4478
4472
4478
4479
4473
4479
4474
4480
4475
4480
4481
4476
4481
4482
4477
4482
4483
4478
4483
4484
4479
4484
4480
4485
4481
4485
4486
4482
4486
4487
4483
4487
4488
4484
4488
4485
4489
4486
4489
4490
4487
4490
4491
4488
4491
4492
4492
4493
4493
4494
4494
4495
4492
4496
4493
4496
4497
4494
4497
4498
4495
4498
4499
4496
4500
4497
4500
4501
4498
4501
4502
4499
4502
4503
4500
4504
4501
4504
4505
4502
4505
4506
4503
4506
4507
4504
4508
4505
4508
4509
4506
4509
4510
4507
4510
4508
4511
4509
4511
4512
4510
4512
4511
4513
4512
4513
4513
4495
4514
4515
4515
4516
4516
4517
4517
4518
4466
4518
4499
4514
4519
4520
4515
4520
4521
4516
4521
4522
4517
4522
4523
4465
4518
4523
4503
4519
4524
4525
4520
4525
4526
4521
4526
4527
4522
4527
4528
4464
4523
4528
4507
4524
4529
4525
4529
4530
4526
4530
4531
4527
4531
4532
4463
4528
4532
4529
4533
4530
4533
4534
4531
4534
4535
4462
4532
4535
4533
4536
4534
4536
4537
4461
4535
4537
4536
4538
4537
4538
4539
4539
4540
4540
4541
4541
4542
4542
4543
4543
4544
4544
4538
4545
4539
4545
4546
4540
4546
4547
4541
4547
4548
4542
4548
4549
4543
4549
4550
4544
4550
4545
4551
4546
4551
4552
4547
4552
4553
4548
4553
4554
4549
4554
4555
4550
4555
4551
4556
4552
4556
4557
4553
4557
4558
4554
4558
4559
4555
4559
4556
4560
4557
4560
4561
4558
4561
4562
4559
4562
4560
4563
4561
4563
4564
4562
4564
4565
4565
4566
4566
4567
4567
4568
4565
4569
4566
4569
4570
4567
4570
4571
4568
4571
4572
4569
4573
4570
4573
4574
4571
4574
4575
4572
4575
4576
4573
4577
4574
4577
4578
4575
4578
4579
4576
4579
4577
4580
4578
4580
4581
4579
4581
4580
4582
4581
4582
4582
4568
4583
4584
4584
4585
4585
4586
4586
4587
4544
4587
4572
4583
4588
4589
4584
4589
4590
4585
4590
4591
4586
4591
4592
4543
4587
4592
4576
4588
4593
4589
4593
4594
4590
4594
4595
4591
4595
4596
4542
4592
4596
4593
4597
4594
4597
4598
4595
4598
4599
4541
4596
4599
4597
4600
4598
4600
4601
4540
4599
4601
4600
4602
4539
4601
4602
4602
4603
4603
4604
4604
4605
4605
4606
4606
4607
4607
4608
4608
4603
4609
4604
4609
4610
4605
4610
4611
4606
4611
4612
4607
4612
4613
4608
4613
4609
4614
4610
4614
4615
4611
4615
4616
4612
4616
4617
4613
4617
4614
4618
4615
4618
4619
4616
4619
4620
4617
4620
4618
4621
4619
4621
4622
4620
4622
4621
4623
4622
4623
4624
4624
4625
4625
4626
4626
4627
4624
4628
4625
4628
4629
4626
4629
4630
4627
4630
4631
4628
4632
4629
4632
4633
4630
4633
4634
4631
4634
4632
4635
4633
4635
4636
4634
4636
4635
4637
4636
4637
4637
4627
4638
4639
4639
4640
4640
4641
4641
4642
4608
4642
4631
4638
4643
4639
4643
4644
4640
4644
4645
4641
4645
4646
4607
4642
4646
4643
4647
4644
4647
4648
4645
4648
4649
4606
4646
4649
4647
4650
4648
4650
4651
4605
4649
4651
4650
4652
4604
4651
4652
4603
4652
4653
4653
4654
4654
4655
4655
4656
4656
4657
4657
4653
4658
4654
4658
4659
4655
4659
4660
4656
4660
4661
4657
4661
4658
4662
4659
4662
4663
4660
4663
4664
4661
4664
4662
4665
4663
4665
4666
4664
4666
4665
4667
4666
4667
4667
4668
4668
4669
4669
4670
4670
4671
4668
4672
4669
4672
4673
4670
4673
4674
4671
4674
4672
4675
4673
4675
4676
4674
4676
4675
4677
4676
4677
4677
4671
4678
4678
4679
4679
4680
4680
4681
4657
4681
4678
4682
4679
4682
4683
4680
4683
4684
4656
4681
4684
4682
4685
4683
4685
4686
4655
4684
4686
4685
4687
4654
4686
4687
4653
4687
4688
4688
4689
4689
4690
4690
4691
4691
4688
4692
4689
4692
4693
4690
4693
4694
4691
4694
4692
4695
4693
4695
4696
4694
4696
4695
4697
4696
4697
4697
4698
4698
4699
4699
4700
4700
4698
4701
4699
4701
4702
4700
4702
4701
4703
4702
4703
4703
4704
4704
4705
4705
4706
4691
4706
4704
4707
4705
4707
4708
4690
4706
4708
4707
4709
4689
4708
4709
4688
4709
4710
4710
4711
4711
4712
4712
4710
4713
4711
4713
4714
4712
4714
4713
4715
4714
4715
4715
4716
4716
4717
4717
4716
4718
4717
4718
4718
4719
4719
4720
4712
4720
4719
4721
4711
4720
4721
4710
4721
4722
4722
4723
4723
4722
4724
4723
4724
4724
4725
4725
4725
4726
4723
4726
4722
4726
4727
4727
4727
4727
)


// ************************************************************************* //
